{
  "cells": [
    {
      "cell_type": "markdown",
      "metadata": {
        "id": "Qhwf0lXuamu8"
      },
      "source": [
        "## Load and prepare the data"
      ]
    },
    {
      "cell_type": "code",
      "execution_count": 6,
      "metadata": {
        "id": "IonP01KjZHhP"
      },
      "outputs": [],
      "source": [
        "import pandas as pd\n",
        "\n",
        "from sklearn.model_selection import train_test_split\n",
        "from sklearn.impute import SimpleImputer\n",
        "from imblearn.over_sampling import SMOTE\n",
        "\n",
        "RANDOM_STATE = 42\n",
        "\n",
        "# Load the dataset\n",
        "df = pd.read_csv('dataset/credit-evaluation.csv')\n",
        "\n",
        "# Handling missing values\n",
        "imputer = SimpleImputer(strategy='median')\n",
        "df[df.columns] = imputer.fit_transform(df)\n",
        "\n",
        "# Split the data\n",
        "X = df.drop(['TARGET', 'id'], axis=1)\n",
        "y = df['TARGET']\n",
        "X_train, X_test, y_train, y_test = train_test_split(X, y, test_size=0.3, random_state=RANDOM_STATE)\n",
        "\n",
        "# Balance the training data using SMOTE\n",
        "smote = SMOTE(random_state=RANDOM_STATE)\n",
        "X_train_balanced, y_train_balanced = smote.fit_resample(X_train, y_train)"
      ]
    },
    {
      "cell_type": "markdown",
      "metadata": {
        "id": "KYqkdUhxb445"
      },
      "source": [
        "## What the models would perform the best in this dataset?"
      ]
    },
    {
      "cell_type": "code",
      "execution_count": 7,
      "metadata": {
        "colab": {
          "base_uri": "https://localhost:8080/"
        },
        "id": "5yefQBl4cl0P",
        "outputId": "ba87cb2a-1282-407b-d3a9-61ac4541fc85"
      },
      "outputs": [
        {
          "name": "stdout",
          "output_type": "stream",
          "text": [
            "AdaBoost\n",
            "              precision    recall  f1-score   support\n",
            "\n",
            "         0.0       0.84      0.93      0.88      4986\n",
            "         1.0       0.23      0.10      0.14      1014\n",
            "\n",
            "    accuracy                           0.79      6000\n",
            "   macro avg       0.54      0.52      0.51      6000\n",
            "weighted avg       0.73      0.79      0.76      6000\n",
            "\n",
            "----\n",
            "\n",
            "\n",
            "HistGradientBoosting\n",
            "              precision    recall  f1-score   support\n",
            "\n",
            "         0.0       0.84      0.98      0.90      4986\n",
            "         1.0       0.41      0.06      0.11      1014\n",
            "\n",
            "    accuracy                           0.83      6000\n",
            "   macro avg       0.63      0.52      0.51      6000\n",
            "weighted avg       0.77      0.83      0.77      6000\n",
            "\n",
            "----\n",
            "\n",
            "\n",
            "RandomForest\n",
            "              precision    recall  f1-score   support\n",
            "\n",
            "         0.0       0.84      0.97      0.90      4986\n",
            "         1.0       0.35      0.07      0.12      1014\n",
            "\n",
            "    accuracy                           0.82      6000\n",
            "   macro avg       0.59      0.52      0.51      6000\n",
            "weighted avg       0.75      0.82      0.77      6000\n",
            "\n",
            "----\n",
            "\n",
            "\n",
            "LogisticRegression\n",
            "              precision    recall  f1-score   support\n",
            "\n",
            "         0.0       0.87      0.62      0.72      4986\n",
            "         1.0       0.22      0.54      0.32      1014\n",
            "\n",
            "    accuracy                           0.61      6000\n",
            "   macro avg       0.55      0.58      0.52      6000\n",
            "weighted avg       0.76      0.61      0.65      6000\n",
            "\n",
            "----\n",
            "\n",
            "\n",
            "KNeighbors\n",
            "              precision    recall  f1-score   support\n",
            "\n",
            "         0.0       0.85      0.61      0.71      4986\n",
            "         1.0       0.20      0.47      0.28      1014\n",
            "\n",
            "    accuracy                           0.59      6000\n",
            "   macro avg       0.52      0.54      0.50      6000\n",
            "weighted avg       0.74      0.59      0.64      6000\n",
            "\n",
            "----\n",
            "\n",
            "\n",
            "MLPClassifier\n",
            "              precision    recall  f1-score   support\n",
            "\n",
            "         0.0       0.85      0.72      0.78      4986\n",
            "         1.0       0.20      0.35      0.26      1014\n",
            "\n",
            "    accuracy                           0.66      6000\n",
            "   macro avg       0.52      0.54      0.52      6000\n",
            "weighted avg       0.74      0.66      0.69      6000\n",
            "\n",
            "----\n",
            "\n",
            "\n",
            "SVC\n",
            "              precision    recall  f1-score   support\n",
            "\n",
            "         0.0       0.88      0.44      0.59      4986\n",
            "         1.0       0.20      0.70      0.31      1014\n",
            "\n",
            "    accuracy                           0.48      6000\n",
            "   macro avg       0.54      0.57      0.45      6000\n",
            "weighted avg       0.76      0.48      0.54      6000\n",
            "\n",
            "----\n",
            "\n",
            "\n",
            "DecisionTree\n",
            "              precision    recall  f1-score   support\n",
            "\n",
            "         0.0       0.84      0.78      0.81      4986\n",
            "         1.0       0.19      0.26      0.22      1014\n",
            "\n",
            "    accuracy                           0.69      6000\n",
            "   macro avg       0.51      0.52      0.51      6000\n",
            "weighted avg       0.73      0.69      0.71      6000\n",
            "\n",
            "----\n",
            "\n",
            "\n",
            "ExtraTree\n",
            "              precision    recall  f1-score   support\n",
            "\n",
            "         0.0       0.84      0.73      0.78      4986\n",
            "         1.0       0.18      0.29      0.23      1014\n",
            "\n",
            "    accuracy                           0.66      6000\n",
            "   macro avg       0.51      0.51      0.50      6000\n",
            "weighted avg       0.73      0.66      0.69      6000\n",
            "\n",
            "----\n",
            "\n",
            "\n",
            "DummyClassifier\n",
            "              precision    recall  f1-score   support\n",
            "\n",
            "         0.0       0.83      0.50      0.62      4986\n",
            "         1.0       0.17      0.50      0.25      1014\n",
            "\n",
            "    accuracy                           0.50      6000\n",
            "   macro avg       0.50      0.50      0.44      6000\n",
            "weighted avg       0.72      0.50      0.56      6000\n",
            "\n",
            "----\n",
            "\n",
            "\n",
            "XGBoost\n",
            "              precision    recall  f1-score   support\n",
            "\n",
            "         0.0       0.84      0.96      0.90      4986\n",
            "         1.0       0.39      0.11      0.18      1014\n",
            "\n",
            "    accuracy                           0.82      6000\n",
            "   macro avg       0.61      0.54      0.54      6000\n",
            "weighted avg       0.77      0.82      0.78      6000\n",
            "\n",
            "----\n",
            "\n",
            "\n",
            "Sorted by Accuracy:\n",
            "                    Model  Accuracy  Precision    Recall  F1-Score\n",
            "1   HistGradientBoosting  0.826667   0.413333  0.061144  0.106529\n",
            "2           RandomForest  0.820667   0.348039  0.070020  0.116585\n",
            "10               XGBoost  0.819667   0.385906  0.113412  0.175305\n",
            "0               AdaBoost  0.791667   0.234234  0.102564  0.142661\n",
            "7           DecisionTree  0.689667   0.190962  0.258383  0.219614\n",
            "5          MLPClassifier  0.660000   0.204152  0.349112  0.257642\n",
            "8              ExtraTree  0.660000   0.183724  0.293886  0.226100\n",
            "3     LogisticRegression  0.605833   0.223948  0.540434  0.316671\n",
            "4             KNeighbors  0.588500   0.198007  0.470414  0.278703\n",
            "9        DummyClassifier  0.498000   0.169424  0.504931  0.253717\n",
            "6                    SVC  0.483500   0.202568  0.700197  0.314229\n",
            "\n",
            "Sorted by Precision:\n",
            "                    Model  Accuracy  Precision    Recall  F1-Score\n",
            "1   HistGradientBoosting  0.826667   0.413333  0.061144  0.106529\n",
            "10               XGBoost  0.819667   0.385906  0.113412  0.175305\n",
            "2           RandomForest  0.820667   0.348039  0.070020  0.116585\n",
            "0               AdaBoost  0.791667   0.234234  0.102564  0.142661\n",
            "3     LogisticRegression  0.605833   0.223948  0.540434  0.316671\n",
            "5          MLPClassifier  0.660000   0.204152  0.349112  0.257642\n",
            "6                    SVC  0.483500   0.202568  0.700197  0.314229\n",
            "4             KNeighbors  0.588500   0.198007  0.470414  0.278703\n",
            "7           DecisionTree  0.689667   0.190962  0.258383  0.219614\n",
            "8              ExtraTree  0.660000   0.183724  0.293886  0.226100\n",
            "9        DummyClassifier  0.498000   0.169424  0.504931  0.253717\n",
            "\n",
            "Sorted by Recall:\n",
            "                    Model  Accuracy  Precision    Recall  F1-Score\n",
            "6                    SVC  0.483500   0.202568  0.700197  0.314229\n",
            "3     LogisticRegression  0.605833   0.223948  0.540434  0.316671\n",
            "9        DummyClassifier  0.498000   0.169424  0.504931  0.253717\n",
            "4             KNeighbors  0.588500   0.198007  0.470414  0.278703\n",
            "5          MLPClassifier  0.660000   0.204152  0.349112  0.257642\n",
            "8              ExtraTree  0.660000   0.183724  0.293886  0.226100\n",
            "7           DecisionTree  0.689667   0.190962  0.258383  0.219614\n",
            "10               XGBoost  0.819667   0.385906  0.113412  0.175305\n",
            "0               AdaBoost  0.791667   0.234234  0.102564  0.142661\n",
            "2           RandomForest  0.820667   0.348039  0.070020  0.116585\n",
            "1   HistGradientBoosting  0.826667   0.413333  0.061144  0.106529\n",
            "\n",
            "Sorted by F1-Score:\n",
            "                    Model  Accuracy  Precision    Recall  F1-Score\n",
            "3     LogisticRegression  0.605833   0.223948  0.540434  0.316671\n",
            "6                    SVC  0.483500   0.202568  0.700197  0.314229\n",
            "4             KNeighbors  0.588500   0.198007  0.470414  0.278703\n",
            "5          MLPClassifier  0.660000   0.204152  0.349112  0.257642\n",
            "9        DummyClassifier  0.498000   0.169424  0.504931  0.253717\n",
            "8              ExtraTree  0.660000   0.183724  0.293886  0.226100\n",
            "7           DecisionTree  0.689667   0.190962  0.258383  0.219614\n",
            "10               XGBoost  0.819667   0.385906  0.113412  0.175305\n",
            "0               AdaBoost  0.791667   0.234234  0.102564  0.142661\n",
            "2           RandomForest  0.820667   0.348039  0.070020  0.116585\n",
            "1   HistGradientBoosting  0.826667   0.413333  0.061144  0.106529\n"
          ]
        }
      ],
      "source": [
        "import warnings\n",
        "warnings.filterwarnings('ignore')\n",
        "\n",
        "from sklearn.metrics import accuracy_score, precision_score, recall_score, f1_score\n",
        "\n",
        "from sklearn.ensemble import AdaBoostClassifier, HistGradientBoostingClassifier, RandomForestClassifier\n",
        "from sklearn.linear_model import LogisticRegression\n",
        "from sklearn.neighbors import KNeighborsClassifier\n",
        "from sklearn.neural_network import MLPClassifier\n",
        "from sklearn.svm import SVC\n",
        "from sklearn.tree import DecisionTreeClassifier, ExtraTreeClassifier\n",
        "from sklearn.dummy import DummyClassifier\n",
        "from sklearn.model_selection import train_test_split\n",
        "from sklearn.metrics import classification_report\n",
        "\n",
        "import xgboost as xgb\n",
        "\n",
        "# List of models to evaluate\n",
        "models = [\n",
        "    (\"AdaBoost\", AdaBoostClassifier()),\n",
        "    (\"HistGradientBoosting\", HistGradientBoostingClassifier()),\n",
        "    (\"RandomForest\", RandomForestClassifier()),\n",
        "    (\"LogisticRegression\", LogisticRegression(max_iter=1000)),\n",
        "    (\"KNeighbors\", KNeighborsClassifier()),\n",
        "    (\"MLPClassifier\", MLPClassifier(max_iter=1000)),\n",
        "    (\"SVC\", SVC()),\n",
        "    (\"DecisionTree\", DecisionTreeClassifier()),\n",
        "    (\"ExtraTree\", ExtraTreeClassifier()),\n",
        "    (\"DummyClassifier\", DummyClassifier(strategy='stratified')),\n",
        "    (\"XGBoost\", xgb.XGBClassifier(use_label_encoder=False, eval_metric='logloss'))\n",
        "]\n",
        "\n",
        "# DataFrame to store the results\n",
        "results_df = pd.DataFrame(columns=['Model', 'Accuracy', 'Precision', 'Recall', 'F1-Score'])\n",
        "\n",
        "# Evaluating each model\n",
        "for name, model in models:\n",
        "    model.fit(X_train_balanced, y_train_balanced)\n",
        "    y_pred = model.predict(X_test)\n",
        "    print(name)\n",
        "    print(classification_report(y_test, y_pred))\n",
        "    print(\"----\\n\\n\")\n",
        "    report = classification_report(y_test, y_pred, output_dict=True, zero_division=0)\n",
        "    results_df = results_df.append({\n",
        "        'Model': name,\n",
        "        'Accuracy': report['accuracy'],\n",
        "        'Precision': report['1.0']['precision'],\n",
        "        'Recall': report['1.0']['recall'],\n",
        "        'F1-Score': report['1.0']['f1-score']\n",
        "    }, ignore_index=True)\n",
        "\n",
        "# Sorting by different metrics\n",
        "sorted_by_accuracy = results_df.sort_values('Accuracy', ascending=False)\n",
        "sorted_by_precision = results_df.sort_values('Precision', ascending=False)\n",
        "sorted_by_recall = results_df.sort_values('Recall', ascending=False)\n",
        "sorted_by_f1 = results_df.sort_values('F1-Score', ascending=False)\n",
        "\n",
        "# Displaying the sorted results\n",
        "print(\"Sorted by Accuracy:\\n\", sorted_by_accuracy)\n",
        "print(\"\\nSorted by Precision:\\n\", sorted_by_precision)\n",
        "print(\"\\nSorted by Recall:\\n\", sorted_by_recall)\n",
        "print(\"\\nSorted by F1-Score:\\n\", sorted_by_f1)"
      ]
    },
    {
      "cell_type": "markdown",
      "metadata": {
        "id": "-PIy_0a3doIr"
      },
      "source": [
        "**Overall Best Performers**:\n",
        "\n",
        "-   **HistGradientBoosting** remains a strong performer in terms of accuracy and precision <u>but has lower recall and F1-scores</u>.\n",
        "-   **XGBoost** and **RandomForest** show a good balance between accuracy and F1-score.\n",
        "-   **MLPClassifier**, **SVC**, and **Logistic Regression** have lower accuracy but much higher recall and **F1-scores**, suggesting improved identification of the positive class at the expense of more false positives."
      ]
    },
    {
      "cell_type": "markdown",
      "metadata": {
        "id": "pM8aUZhBeEdq"
      },
      "source": [
        "## Models for train\n",
        "For my training, I chose **XGboost**, **Random Forest**, and the classic, well-known **Logistic Regression**"
      ]
    },
    {
      "cell_type": "markdown",
      "metadata": {
        "id": "ISucivN7ekJX"
      },
      "source": [
        "## **Logistic Regression**"
      ]
    },
    {
      "cell_type": "markdown",
      "metadata": {
        "id": "ZmhifiGReyqj"
      },
      "source": [
        "### Train **LogisticRegression** with different hyperparameters"
      ]
    },
    {
      "cell_type": "markdown",
      "metadata": {
        "id": "wChL_qoNfUiJ"
      },
      "source": [
        "#### What `C` performs better?"
      ]
    },
    {
      "cell_type": "code",
      "execution_count": 8,
      "metadata": {
        "colab": {
          "base_uri": "https://localhost:8080/"
        },
        "id": "jkivq6XId90L",
        "outputId": "201c5304-678b-4af3-dcbc-adc72671c236"
      },
      "outputs": [
        {
          "name": "stdout",
          "output_type": "stream",
          "text": [
            "Logistic Regression with C=0.001\n",
            "              precision    recall  f1-score   support\n",
            "\n",
            "         0.0       0.87      0.62      0.72      4986\n",
            "         1.0       0.22      0.54      0.32      1014\n",
            "\n",
            "    accuracy                           0.61      6000\n",
            "   macro avg       0.55      0.58      0.52      6000\n",
            "weighted avg       0.76      0.61      0.65      6000\n",
            "\n",
            "Logistic Regression with C=0.01\n",
            "              precision    recall  f1-score   support\n",
            "\n",
            "         0.0       0.87      0.62      0.72      4986\n",
            "         1.0       0.22      0.54      0.32      1014\n",
            "\n",
            "    accuracy                           0.61      6000\n",
            "   macro avg       0.55      0.58      0.52      6000\n",
            "weighted avg       0.76      0.61      0.65      6000\n",
            "\n",
            "Logistic Regression with C=0.1\n",
            "              precision    recall  f1-score   support\n",
            "\n",
            "         0.0       0.87      0.62      0.72      4986\n",
            "         1.0       0.22      0.54      0.32      1014\n",
            "\n",
            "    accuracy                           0.61      6000\n",
            "   macro avg       0.55      0.58      0.52      6000\n",
            "weighted avg       0.76      0.61      0.65      6000\n",
            "\n",
            "Logistic Regression with C=1\n",
            "              precision    recall  f1-score   support\n",
            "\n",
            "         0.0       0.87      0.62      0.72      4986\n",
            "         1.0       0.22      0.54      0.32      1014\n",
            "\n",
            "    accuracy                           0.61      6000\n",
            "   macro avg       0.55      0.58      0.52      6000\n",
            "weighted avg       0.76      0.61      0.65      6000\n",
            "\n",
            "Logistic Regression with C=10\n",
            "              precision    recall  f1-score   support\n",
            "\n",
            "         0.0       0.87      0.62      0.72      4986\n",
            "         1.0       0.22      0.54      0.32      1014\n",
            "\n",
            "    accuracy                           0.61      6000\n",
            "   macro avg       0.55      0.58      0.52      6000\n",
            "weighted avg       0.76      0.61      0.65      6000\n",
            "\n",
            "Logistic Regression with C=100\n",
            "              precision    recall  f1-score   support\n",
            "\n",
            "         0.0       0.87      0.62      0.72      4986\n",
            "         1.0       0.22      0.54      0.32      1014\n",
            "\n",
            "    accuracy                           0.61      6000\n",
            "   macro avg       0.55      0.58      0.52      6000\n",
            "weighted avg       0.76      0.61      0.65      6000\n",
            "\n"
          ]
        }
      ],
      "source": [
        "from sklearn.linear_model import LogisticRegression\n",
        "from sklearn.metrics import classification_report\n",
        "\n",
        "C = [0.001, 0.01, 0.1, 1, 10, 100]\n",
        "\n",
        "for c in C:\n",
        "    log_reg_model = LogisticRegression(C=c, solver='liblinear', max_iter=1000)\n",
        "    log_reg_model.fit(X_train_balanced, y_train_balanced)\n",
        "    log_reg_predictions = log_reg_model.predict(X_test)\n",
        "\n",
        "    # Evaluate the model\n",
        "    print(f\"Logistic Regression with C={c}\")\n",
        "    print(classification_report(y_test, log_reg_predictions))"
      ]
    },
    {
      "cell_type": "markdown",
      "metadata": {
        "id": "6YqwKccFgKdN"
      },
      "source": [
        "#### What solver performs better?"
      ]
    },
    {
      "cell_type": "code",
      "execution_count": 11,
      "metadata": {
        "colab": {
          "base_uri": "https://localhost:8080/"
        },
        "id": "ss9B9M6qgMFZ",
        "outputId": "6fbe34ca-8dc1-40c6-d5ee-88d7a2c091ad"
      },
      "outputs": [
        {
          "name": "stdout",
          "output_type": "stream",
          "text": [
            "Logistic Regression with solver: liblinear\n",
            "              precision    recall  f1-score   support\n",
            "\n",
            "         0.0       0.87      0.62      0.72      4986\n",
            "         1.0       0.22      0.54      0.32      1014\n",
            "\n",
            "    accuracy                           0.61      6000\n",
            "   macro avg       0.55      0.58      0.52      6000\n",
            "weighted avg       0.76      0.61      0.65      6000\n",
            "\n",
            "Logistic Regression with solver: saga\n",
            "              precision    recall  f1-score   support\n",
            "\n",
            "         0.0       0.87      0.62      0.72      4986\n",
            "         1.0       0.22      0.54      0.32      1014\n",
            "\n",
            "    accuracy                           0.61      6000\n",
            "   macro avg       0.55      0.58      0.52      6000\n",
            "weighted avg       0.76      0.61      0.65      6000\n",
            "\n"
          ]
        }
      ],
      "source": [
        "for solver in ['liblinear', 'saga']:\n",
        "    log_reg_model = LogisticRegression(C=0.1, solver='liblinear', max_iter=1000)\n",
        "    log_reg_model.fit(X_train_balanced, y_train_balanced)\n",
        "    log_reg_predictions = log_reg_model.predict(X_test)\n",
        "\n",
        "    # Evaluate the model\n",
        "    print(f\"Logistic Regression with solver: {solver}\")\n",
        "    print(classification_report(y_test, log_reg_predictions))"
      ]
    },
    {
      "cell_type": "markdown",
      "metadata": {
        "id": "ZgfqI4meg0ED"
      },
      "source": [
        "There seems to be no difference at all 🤷‍♂️"
      ]
    },
    {
      "cell_type": "markdown",
      "metadata": {
        "id": "I6jSn0JChJnf"
      },
      "source": [
        "### Find the best parameters and get the best model with **GridSearchCV**"
      ]
    },
    {
      "cell_type": "code",
      "execution_count": 12,
      "metadata": {
        "colab": {
          "base_uri": "https://localhost:8080/"
        },
        "id": "h7vgJJQkhAiO",
        "outputId": "f22f900d-9682-4539-bc7f-5728a2839746"
      },
      "outputs": [
        {
          "name": "stdout",
          "output_type": "stream",
          "text": [
            "Best parameters for Logistic Regression: {'C': 1, 'solver': 'liblinear'}\n",
            "Best score: 0.5469947262770838\n"
          ]
        }
      ],
      "source": [
        "from sklearn.linear_model import LogisticRegression\n",
        "from sklearn.model_selection import GridSearchCV\n",
        "\n",
        "# Set up the hyperparameter grid\n",
        "log_reg_params = {\n",
        "    'C': [0.001, 0.01, 0.1, 1, 10, 100],\n",
        "    'solver': ['liblinear', 'saga']\n",
        "}\n",
        "\n",
        "# Create the model instance\n",
        "log_reg = LogisticRegression(max_iter=1000)\n",
        "\n",
        "# Perform grid search\n",
        "log_reg_cv = GridSearchCV(log_reg, log_reg_params, cv=5, scoring='f1')\n",
        "log_reg_cv.fit(X_train_balanced, y_train_balanced)\n",
        "\n",
        "# Best parameters and best score\n",
        "print(\"Best parameters for Logistic Regression:\", log_reg_cv.best_params_)\n",
        "print(\"Best score:\", log_reg_cv.best_score_)"
      ]
    },
    {
      "cell_type": "code",
      "execution_count": 17,
      "metadata": {
        "colab": {
          "base_uri": "https://localhost:8080/",
          "height": 720
        },
        "id": "zRHdyIHHjSlW",
        "outputId": "9794628c-8e07-49d9-9342-099246938d33"
      },
      "outputs": [
        {
          "name": "stdout",
          "output_type": "stream",
          "text": [
            "              precision    recall  f1-score   support\n",
            "\n",
            "         0.0       0.87      0.62      0.72      4986\n",
            "         1.0       0.22      0.54      0.32      1014\n",
            "\n",
            "    accuracy                           0.61      6000\n",
            "   macro avg       0.55      0.58      0.52      6000\n",
            "weighted avg       0.76      0.61      0.65      6000\n",
            "\n"
          ]
        },
        {
          "data": {
